6235
2699
721
3770
2107
8105
2620
6126
9422
2006
7433
1916
3291
4073
3303
9299
231
519
6817
1622
2190
4335
7557
8631
7732
1647
6787
5751
7233
6302
194
3467
9001
7266
3588
7459
5371
6208
3584
4792
4565
7368
3059
4207
7792
2714
3506
4375
3232
322
5996
1774
1008
3553
404
8739
1551
7190
4489
8783
9844
4683
2249
5196
8300
5837
2654
3670
2044
2590
4813
2960
6309
7872
7167
4101
585
672
8475
168
7345
4470
1941
8352
4374
2344
7091
5924
5886
7931
4706
2081
8965
3307
7276
7265
9143
6281
934
7538
8870
5747
497
5179
9970
4015
5631
6906
4686
4105
7073
2030
4926
9014
6734
9300
7709
176
1575
3594
8106
2633
2026
7071
5939
9301
4335
1433
5582
1620
8970
803
3718
5818
2333
3687
9833
7963
592
870
2067
7665
9252
3345
3030
5985
2644
738
6160
570
4332
617
3202
6357
7687
5492
2010
8373
6924
3943
6345
2245
1097
62
4415
3430
101
599
1392
692
1468
9811
4708
719
3155
7737
3055
2150
4827
5566
9071
9158
6183
8625
1866
221
4116
227
4946
7392
4169
1290
5988
5266
1351
402
5047
7803
1000
2790
4847
2468
2600
9554
9538
2106
3643
2593
607
8469
4510
9678
3978
692
8302
2195
7265
8769
2422
2210
2512
2942
3499
8500
4559
1201
8901
9605
9004
6253
2395
3850
5072
1346
9755
4609
9804
9749
3553
410
4569
8063
6439
4898
5106
1092
7093
2370
9861
5866
931
2372
5159
4429
871
9718
1982
6124
5674
7337
2376
4420
1186
7447
5766
7292
8407
5569
3393
1960
2330
7961
6374
8769
9211
1479
9860
2655
201
6072
8520
1131
4796
30
1912
5666
9747
3893
8141
1773
7581
516
6192
8766
7962
1957
2409
6369
3877
5801
4680
2559
114
1053
1327
9324
8883
7538
8330
5435
3610
6849
6566
8405
3230
4829
422
2977
5073
8563
4749
2653
9078
940
7770
3392
9249
6530
6112
9477
8683
791
2035
8796
8195
9713
4471
3429
7251
2800
8864
860
6000
1781
5616
9229
6609
6037
8557
8033
951
9657
685
6381
6949
4806
6124
2549
1335
2235
2025
17
9377
4060
5164
7571
3772
9634
999
7374
8785
6214
8233
4784
7994
200
365
954
2589
8921
8986
9891
4930
6022
6271
1878
827
2394
4426
8514
4628
6450
8530
356
6861
3694
7926
6985
9679
5277
4358
8464
1490
8943
9599
5836
9142
9963
3141
8082
5236
8479
7973
165
4500
4243
2042
1679
2989
2819
192
3968
9268
8721
4324
2481
8766
2249
9465
8445
3877
174
3260
1719
9116
2858
3906
4610
9173
7046
9043
760
5524
7015
7276
6376
7610
5669
8054
598
8487
4597
4565
4106
9669
5240
6586
8435
3841
2402
3231
7717
2576
6490
5787
8043
5699
9692
2652
1223
3090
1695
8334
4965
5061
5609
1340
2670
1277
9393
9619
6115
341
536
221
10
5775
3158
8444
9615
5560
8026
3684
4487
867
5822
2529
2917
5514
1533
4140
4955
9579
8825
9919
4639
4434
1259
3661
2062
7003
9631
8177
7344
166
4749
7353
2293
7906
2148
8259
9817
173
8294
655
1039
4116
9536
3955
9629
7420
4446
935
3350
9623
853
4340
408
2111
8000
2469
9114
3983
6997
2809
500
8097
161
2792
2355
2308
7403
8523
8832
5696
9178
6222
9811
5065
6528
5791
8836
974
6725
2185
6948
7578
6524
7355
6040
876
6175
1505
4858
3172
4313
5357
7620
825
8149
9974
3132
5551
4849
8315
7598
378
4536
7409
5442
1064
3199
4277
8389
6276
6461
5336
205
9336
9042
6244
211
5216
7749
5068
4739
2061
425
2359
2886
4925
8684
2369
6827
3532
7036
4424
3909
1571
1832
9350
8986
1383
9978
7374
4010
2790
9061
4214
2126
8102
457
2336
3318
8205
7404
8056
6618
4180
6766
5855
9104
5450
4575
5930
8981
1610
6705
2890
9533
4889
8591
8518
2623
4921
2244
6632
7710
7656
845
6187
5758
7653
8523
5427
2210
2278
9834
8827
6457
6600
1033
5560
2049
1959
7841
7381
3569
4545
270
9453
5785
5213
7970
8407
133
6565
5038
4194
4221
2234
381
6330
9887
8903
1756
2096
1180
7941
7274
3988
4540
8306
5899
2940
264
91
321
184
4635
6942
9636
420
2154
3958
5178
2286
6874
216
2832
1094
2449
3212
3775
2335
2114
1882
4430
9645
9823
8055
3632
4362
2712
5882
7302
9328
5972
3974
9511
6958
915
5499
3729
3069
5808
8907
1706
2681
9122
4537
127
7922
7748
3901
257
6213
2135
1038
2209
1957
9093
2192
6318
1804
8073
9971
1131
4044
3944
6994
7354
1211
8844
1082
4279
4651
9988
2336
3683
5461
3225
161
3383
7324
414
3639
3537
2548
1028
5745
4504
6472
4289
7173
4628
2361
7144
2110
2757
7439
5455
110
8649
4298
1191
9279
5300
1179
7967
8983
2991
1191
5495
6373
8514
5908
6363
8402
8455
7391
499
2958
3862
4787
131
4841
3499
3626
6951
6255
7416
2405
6364
2417
3055
3907
8047
8354
1437
6013
3688
4427
3555
9183
800
8421
5090
7162
3174
9897
904
3672
2854
1118
4810
9336
5958
8309
9313
9260
915
6729
8017
3631
5497
1071
3889
3543
9424
5325
5908
9464
6103
9462
4998
6902
4234
6439
416
7408
6335
7671
7431
5541
8788
8593
4876
1098
3253
541
357
4167
7269
8373
4149
9117
9443
8037
2659
5219
3361
8566
4682
9464
4380
6031
2717
8613
2469
9484
2372
8804
7155
9803
4344
2294
4747
5571
3391
7999
6111
100
2165
9731
8472
6314
8847
4267
4350
1506
5837
4063
6423
6870
9878
802
2900
8946
5767
5368
4782
8138
4171
8288
4292
4866
581
5390
437
324
3388
2899
423
5553
2630
5246
8218
1476
5864
8919
9333
1700
9333
5756
8569
5562
2909
7820
4508
5027
3188
5641
9517
3710
3928
160
8576
860
5550
5364
1183
8937
8262
7957
841
7243
9555
5410
8719
5418
681
4403
3470
13
6510
2038
5575
9419
9858
6434
797
9397
2074
313
3106
2353
473
8033
3212
6022
3396
4395
1310
8010
8703
2151
5252
8257
7560
322
3675
8240
4725
3496
4605
7586
5533
6531
3356
1742
2964
4153
7490
1389
4465
596
3741
1289
4980
6952
3662
4728
7698
4972
2737
2753
3474
4340
1009
7385
4662
1035
1977
5738
4530
2933
9675
6415
9463
3031
4508
8778
7183
1998
166
7999
8945
258
5640
3924
3561
9301
8651
7611
624
7739
363
449
2079
7723
4186
3092
5110
6162
5181
9639
9094
4855
2405
4908
7885
6913
3685
1419
5262
202
9418
4206
459
1409
4481
371
709
9484
7981
7685
3574
4695
4485
5652
2418
8670
5095
7527
4831
6627
3517
276
7834
5922
5183
5718
9186
8867
3489
4447
5420
9258
5004
5878
666
5836
2601
7726
5319
581
1762
8893
1628
6247
896
397
4916
2343
7923
9747
8969
7791
6374
6802
64
1557
8872
5601
6775
8712
6399
2195
7969
1402
4424
4986
7238
7024
2711
8908
3957
4473
4152
5584
719
5048
5980
5634
7390
254
1732
2710
4396
8106
5864
4460
6014
4735
6412
9140
3446
2811
1334
7766
4212
2110
2751
7801
9133
5461
3061
9441
6285
7212
1376
7003
2259
3707
8989
6000
312
7072
8710
4708
1529
4573
5519
7542
5659
1930
3034
5456
4740
4367
3221
5304
2828
5971
3104
8313
7783
2516
7753
4068
9728
5481
7422
1986
9187
6410
4338
9499
9834
9399
4206
1362
3971
6076
5256
5981
8005
8289
1436
2745
9007
4656
4400
1835
626
7503
147
8408
6371
4251
8827
6098
9731
6249
8083
8918
9010
8772
8416
8843
8170
8973
205
8492
1400
5460
4472
9404
3748
5907
8500
2754
6914
2899
940
3891
6754
1086
8651
3124
5337
7477
9221
5067
3725
3655
336
2735
2427
5103
1577
6948
4075
8133
5440
5474
3592
9911
1230
3691
2170
9729
2797
9083
8980
3736
2974
2085
4822
1624
5208
6510
9100
780
7928
9177
786
8264
8263
9564
3366
9839
6512
3793
4324
1951
5618
7915
8213
6847
7958
382
2928
754
9465
8259
4489
8790
343
5662
6765
1902
2171
2216
2681
6451
1392
3466
4714
9654
3030
8079
5845
9541
8223
168
7843
3841
4434
6055
7039
2391
6437
6318
9496
2253
928
337
1042
1270
5998
7806
3171
4521
21
5851
971
7765
5669
2036
7418
8698
6466
9614
4590
4689
9781
2432
4881
567
8486
8271
9309
1274
4589
8805
3526
5516
9141
919
3138
1490
5076
6308
2362
1449
8511
9684
9213
4179
1719
2982
9228
8185
2596
3817
9225
8728
2600
4105
9294
1085
2375
4955
8711
3315
3759
2236
8831
9251
9507
8320
740
4582
4627
9454
6030
9489
9137
1594
3667
856
4576
2894
5392
3523
3062
4616
2250
5661
8720
7896
3098
7446
2850
1808
761
2960
395
5943
2210
9901
4262
9301
835
8888
8754
3216
8377
7891
4810
8395
5098
5737
7641
489
9259
702
1456
7860
2715
175
2107
5812
7620
1308
3971
4732
4267
4365
674
2828
618
4935
2129
1452
3823
7234
1019
8551
1476
2180
6945
6573
7916
937
3413
3526
1639
4868
1386
4353
1394
3492
6516
5366
1152
486
97
1770
4850
7123
4598
1819
2057
3078
9622
2231
311
641
781
1787
2820
4078
4711
7088
5014
4476
613
3004
9343
1998
3708
7089
1842
223
8806
9345
708
5254
1114
1910
2376
5711
80
4433
5140
9702
3015
5451
6694
3796
3589
5865
4225
4651
2952
9238
9126
3565
2242
4821
1914
5949
8261
107
2524
7066
9451
9583
8671
565
7844
1047
2627
7924
1831
7767
7625
4845
9569
4318
4992
9509
182
9216
4159
9486
4806
9637
9402
3399
4457
7667
5699
2717
7774
8222
6134
3576
7805
4804
492
2000
2202
9471
9923
384
3589
3899
1581
3157
4568
6572
9017
1102
2140
9527
587
6945
9163
9988
6695
9971
7654
2393
9039
1779
615
1524
5355
4771
2680
2198
6770
1233
1668
6693
1617
5256
6943
9549
4764
1511
6120
132
2612
4611
9659
3198
7907
5173
9537
4601
1496
3542
6994
534
5321
3960
2058
7027
8730
1089
9224
5499
2321
892
8543
3937
6147
1838
3485
7263
3348
5957
7394
2311
6919
3404
1860
4826
8577
1396
5778
72
4937
2771
6957
6609
6730
9014
3635
1811
6454
2859
7310
8775
3750
2204
9063
6248
4041
2548
9862
3740
4856
7256
6050
1774
659
7909
2951
5587
5656
8729
5658
6945
7851
2615
3553
933
7980
7188
2743
4434
46
6404
9560
147
4960
8622
2746
9000
1169
2608
9092
2376
6215
5141
502
6873
9402
3452
2460
5057
8532
4469
2001
2735
3435
5554
3667
1415
9093
2761
2200
9138
9165
1759
5636
4124
380
8381
9475
7901
988
8566
6628
7202
59
7129
427
9460
6933
9238
868
1816
3706
9221
4550
7141
1126
4568
4907
218
7329
3458
9355
6493
1568
4990
616
1947
9722
6442
6199
710
5008
2827
4263
5066
6307
1041
877
9591
278
8096
1407
336
7316
5956
3828
8441
6876
5086
8658
4204
8543
4364
696
110
9353
7663
8408
5427
4104
959
2488
5463
137
6750
6880
6443
4143
4108
6034
4420
2204
3792
1107
9519
6099
4934
4312
2974
19
2969
7177
4913
7333
4224
1374
3037
1886
6134
8463
2342
7092
950
4156
7228
4052
7388
22
8194
1495
2407
8965
50
6198
72
9569
2297
1357
3880
5270
1376
3200
8799
2640
532
3022
366
9921
4908
6499
8383
3601
3590
5685
4108
7169
9736
1495
3542
7929
2990
5949
3245
3039
8498
3316
8959
794
4673
9190
2416
2400
8742
1214
1391
9273
4235
1756
5545
5494
8254
3928
5446
8195
9612
9554
5363
5699
1048
5257
9979
389
1205
3223
9780
9702
6539
5090
6848
7563
632
9263
9962
9373
6828
1352
8645
7414
9460
542
2908
7713
4469
8353
5908
432
4258
7622
2482
5306
2878
2460
2046
434
2034
1825
6488
8572
3267
3335
2486
3898
8949
8799
3270
5776
151
8266
9541
5962
8807
2448
3674
9627
7153
5933
6410
7762
9907
8891
3067
2784
1350
1465
9570
9736
9641
6057
8307
2907
9391
7145
3156
4691
5943
6425
6818
2445
1043
6358
8406
6201
5158
2080
5828
8662
4364
2237
6423
4270
7480
5842
3406
5181
7306
2975
4916
6946
9031
9575
6205
4773
6719
9360
5815
2661
2137
2632
1458
3179
5341
9863
5731
498
8294
1558
9159
2658
147
1934
3279
7626
7775
6684
2806
5080
6010
7722
8377
1392
7296
4581
2516
366
293
8330
3026
2429
961
4483
1959
6302
698
7689
3151
5343
5599
8662
8000
5745
595
7631
9722
8369
4314
8879
9800
324
2952
8176
8067
247
9109
583
612
9401
8912
9990
1829
6225
824
139
2526
7873
7827
2028
3216
3425
689
7567
5521
1283
5197
1594
6003
5863
473
5802
2538
9776
3978
604
23
3086
1186
6986
8838
98
3327
666
6322
503
804
5199
8375
4982
3578
7942
4759
4267
5509
6631
1901
7057
8225
7904
2919
5049
57
5456
4824
386
2412
1198
9823
3597
4536
8660
46
4214
5677
2719
4716
6480
4269
9443
7814
7847
7384
2572
8465
9244
9202
6717
6301
3778
972
5571
5178
1029
7379
6354
7766
9790
3903
7589
9738
4790
6248
6136
9004
1925
8854
71
4756
9475
5865
2569
3673
3249
1492
8489
8844
7046
5205
1496
7175
2529
7067
2353
9909
797
5058
7674
586
8960
5262
6675
3750
7862
2810
2753
9786
8016
9175
893
7490
5040
3462
7514
4640
1305
6002
3483
8350
7558
1331
5525
6438
8397
4229
6346
5545
9286
4020
2482
8245
5633
9156
8346
3494
8318
7450
9631
6333
6625
524
174
1664
337
4039
6303
1641
6392
6137
6343
3949
7467
1867
387
2215
2447
3084
7759
1732
3455
240
6328
9088
5748
4674
8933
4065
2123
8564
6749
8747
5439
3274
6762
5775
7312
9416
3767
3703
5553
6461
4003
9371
8327
741
1586
7125
3825
5696
8856
7279
2288
5184
6366
4387
6209
1651
8451
8331
214
1551
3430
2004
4824
191
4130
8487
9607
4248
2189
1511
709
2543
7233
5387
3284
8818
2512
7108
866
1367
4386
9505
2902
7104
3891
5462
8754
8693
3793
5319
243
3574
7322
1418
116
7803
9904
6074
2050
8444
7584
2758
986
4817
8145
4269
9986
656
1376
7203
8374
2114
6707
7628
9217
597
3089
7970
9289
3233
9640
5883
3158
6961
7300
3274
1115
7203
9347
3164
5646
3283
5922
6632
4451
418
7252
788
1073
4980
7991
5798
7093
1049
9777
2661
7998
2866
6982
3638
2450
6621
9521
1960
9933
6820
5233
1047
375
931
4210
6020
565
6483
9003
5015
6900
2607
5803
4324
7586
145
122
4678
1193
6250
7338
5542
5467
4319
9180
7917
7291
8700
9876
7223
1871
1460
4621
2245
2390
8830
8265
2955
1665
3619
4321
8564
6225
6475
9240
162
6619
5713
4839
4164
1962
8528
6057
7429
9198
5236
1697
2840
3935
7924
62
5806
9383
4682
4402
8124
9864
9018
7430
7880
2637
8103
6443
5213
4577
2034
5375
7548
7746
6565
8063
9708
1445
4119
3488
6994
9355
5184
9834
9641
3107
9895
1798
8841
929
6200
3316
7144
5217
7098
5023
4205
5200
7817
5770
6128
9851
1144
3675
3948
4060
1737
3655
5504
2208
3494
2498
1562
8677
2331
7554
8135
8577
9352
3327
5857
5551
6643
9352
7119
3740
726
7676
5291
8543
3445
1418
4745
4588
1445
5044
4999
3181
5051
503
5388
8544
9352
3301
7221
8034
855
1707
2962
206
5034
8819
2108
1676
4522
5578
1767
5248
3253
3409
142
6697
4826
1238
7636
6270
6281
2635
5803
1331
9489
7542
9875
5192
843
3447
3225
8049
5153
6186
4606
6538
1356
3065
8213
5878
8642
6331
7477
8247
9739
3970
4943
917
5207
8931
3538
7839
7917
5692
9170
3757
3234
5396
8948
428
5194
2172
8476
346
4709
3081
3236
6065
6145
7800
8294
1138
4131
5770
9384
221
9739
679
7489
1297
9609
1027
9135
7525
6718
4656
1281
6303
51
6580
6730
1596
8751
1557
8294
3459
4637
1529
5875
7133
9328
4168
8271
3458
6289
4006
31
6027
4684
3871
3675
4292
1249
9162
8168
4319
3817
5800
621
220
2379
3703
1815
7481
5259
108
940
6248
1636
6814
3380
964
7334
8002
773
3622
2008
7155
6001
6691
1026
9675
7335
2274
8836
1854
6592
9005
7654
7213
9224
6384
915
1038
3865
2525
7498
1156
8772
9133
4321
8504
6448
1654
6505
7221
1628
4864
4375
7628
7907
1752
3654
1593
4026
8842
3446
617
7846
7451
4181
7069
3835
1447
4458
4051
3972
8307
5206
9095
3792
5878
7598
239
3884
455
3811
5511
1670
4538
3138
9576
6289
3143
1168
314
1984
966
7283
9829
8416
7815
3249
2250
9262
4059
2652
9585
2365
4209
8679
6156
87
6277
2747
3970
6731
2909
5832
8400
7446
5321
4328
3735
8463
1847
400
447
2812
4034
6627
1228
1849
6228
9829
1110
286
8833
694
9002
3041
5724
1510
3127
2000
608
3448
5082
3516
5631
9834
962
951
513
1048
9414
2359
1447
6212
5171
1833
9190
2750
3681
5417
8930
1142
2054
7762
8187
1056
803
3910
8917
281
2262
9524
81
7343
3039
5711
3528
4000
6662
4040
1399
2427
2751
9198
4990
4273
1030
531
3374
4710
5948
2303
2203
4353
6417
389
1760
7219
650
676
3851
2911
6551
283
6606
9590
5994
133
9941
9007
525
1340
7785
9627
6889
9126
3899
7918
9656
7272
8979
1955
5926
1181
6308
2342
7921
8067
5912
8570
5095
9763
1481
1645
45
4438
7586
2390
922
7527
1396
7798
5218
5532
7424
2106
4657
1322
6375
4313
4945
5353
6267
871
2885
8926
3212
7157
6993
9124
5726
8439
5238
3558
83
5282
7995
7669
4024
5269
1547
5419
3066
3116
7303
490
1573
1959
1811
7947
2623
3108
9651
5242
3978
8887
4167
3541
6043
7511
9016
8120
5949
4253
8030
6032
5887
6024
52
9910
1292
7950
1680
710
1065
8982
1199
8989
7293
9361
6935
9915
2468
2937
5156
2797
1823
5675
6338
4217
3185
5353
2336
9134
5958
365
1517
1844
2741
7920
1753
384
2221
3432
1093
3285
8766
8643
2273
6058
8004
5559
2324
471
4847
3832
9620
3021
9506
5957
7237
9042
7661
5924
4527
3618
2641
2395
1813
1733
314
3565
8468
2534
3349
9561
2170
8466
4555
794
875
2558
2704
3198
9381
7550
3381
9000
570
9238
1308
4158
8280
5320
6434
9158
5290
9074
1553
7102
7158
8218
7019
5625
752
6719
1537
9273
5184
6092
6419
6058
8649
9122
5607
4381
3024
8988
3380
3593
4577
1039
4103
2856
6359
536
8366
8000
5961
9918
5101
3118
8135
8471
8742
5238
5189
279
4511
6724
2722
929
2781
1370
6402
4740
5751
9425
3727
5482
9370
4655
2873
3472
3863
5583
4007
2228
3582
6319
2145
5034
9436
6631
3505
4529
1869
8693
1159
6379
1769
3880
3659
4549
5250
60
9288
7352
9485
9366
9185
8854
373
2057
8677
4235
7639
9035
6462
7572
5353
8606
2606
1140
5236
6110
5668
3456
1154
6827
6186
2922
706
9844
3823
2307
6256
9462
9658
5740
5180
5195
945
5552
3603
9621
9786
7594
8655
2599
5165
359
7556
7770
1498
9143
231
7165
2599
7737
3991
8784
7010
1049
8628
832
3355
4883
6646
9365
6974
1825
4559
4270
3728
4513
242
9865
2106
5248
2463
7271
5606
18
1392
7103
9160
1623
619
1758
5711
962
6894
2720
2010
5521
9904
5364
6755
6549
1080
80
4725
5638
4349
4804
6503
4590
4668
8608
6189
7130
5878
1794
3499
3622
5248
2658
1596
5866
768
7306
3179
7661
25
5188
9533
6280
6904
2639
2828
7983
2718
3904
9973
3418
8707
6475
4359
3374
5082
547
6855
7312
2340
353
7285
3939
9363
8880
6156
6482
6185
9335
4142
2561
4522
26
8841
1425
2664
8020
5760
1733
1924
5732
1502
630
2206
5860
4004
3639
2758
7210
7302
1449
7563
4586
5387
6925
3465
1542
3406
6001
876
3899
8562
1750
276
3754
3174
2939
1773
5285
1023
3696
1016
2524
678
9573
4735
1033
3212
7492
8242
6865
8940
5804
1451
678
9080
4915
2219
8837
7268
9447
9087
5829
1196
9362
5934
721
8652
4058
6006
9674
7754
7021
8549
4783
2946
3283
5815
6157
7126
4056
3021
2417
6212
823
3094
1643
5738
1665
480
3005
1111
9566
5185
2306
8928
7470
3026
7579
1527
5383
3605
5632
2404
8505
414
5349
8140
2580
7857
5265
6636
7229
4034
9199
8052
7127
841
141
8791
1320
9497
6253
7238
1033
8558
6165
8502
7936
95
6380
9670
51
2012
2073
8556
8777
3773
3047
1357
7981
8311
7992
5210
2344
7190
9613
5823
8030
6105
965
5702
5601
7218
2939
2985
2127
5455
1486
6414
1901
7865
6084
8304
6228
4508
6859
5005
4633
9905
6361
2613
4567
704
4174
3263
7893
138
5437
2274
6242
6401
4327
1842
9970
3617
4826
2097
9071
2663
8510
972
6880
945
9275
3107
5453
2485
4463
85
8741
823
9049
9659
1526
3223
9273
5770
9712
4709
4396
5954
7462
5074
4147
7431
8691
5325
5879
7761
7987
741
5084
1218
1685
710
677
3489
9546
5139
3573
4638
2314
8974
649
191
8548
9921
2313
8259
982
3060
4212
8443
8133
8359
2225
6823
3683
8104
936
8021
8844
2371
9239
6880
9433
6267
369
5330
7757
293
9968
70
9266
616
6613
7813
6888
8925
6072
4221
1984
6635
2663
6468
4993
1240
3291
5027
9343
578
9400
4538
2948
4990
1417
8732
1256
8137
4062
9012
8430
381
5434
4047
7348
2046
8212
4235
970
4283
8456
9305
7269
7470
5772
8614
5061
9062
3640
755
5991
9391
5292
5291
4380
3061
4022
5635
1197
8083
999
5978
8463
6432
25
5810
8477
8236
6397
5798
8870
1204
5102
2490
8673
873
1103
86
6287
4743
840
8629
485
6132
3919
4865
5544
7941
499
3092
2375
7849
5422
7190
4280
5446
9351
9108
33
2099
1257
5254
3302
6358
7743
8327
3583
5198
8412
6221
6292
9251
1201
6776
1734
5120
1640
7277
9412
8491
6721
8138
6339
2142
5327
6971
3939
1030
2430
323
3128
3687
1928
2782
6396
6022
1108
9978
1219
5871
2550
7510
5121
3751
4286
3207
5222
5925
483
4633
767
3555
2770
7106
5696
4449
428
9634
1830
2857
9956
4957
6543
1883
4090
2939
4257
5197
9268
5475
1067
8170
2985
2540
8272
3622
5746
3493
9546
2580
4477
6665
6135
3598
3770
8182
8046
4197
7816
6227
3405
4123
7536
9948
2358
1625
9238
6614
6822
4857
8440
4240
3026
1424
3131
1297
5045
8876
1141
943
7808
5617
7607
294
9215
7728
8475
3612
8276
2642
9839
1680
3117
7374
7979
5474
8998
3568
8439
2171
8425
6878
6411
7802
4654
5893
5451
9698
1121
6591
6992
8928
2208
4598
5573
1422
8677
4047
1385
6952
6689
1223
4984
9805
8596
2962
1630
3946
2882
6420
6116
1306
3297
8878
9107
7950
4771
4557
4000
5891
7500
7343
1170
9707
1941
6742
7480
6969
788
8864
3921
3828
6439
5256
9984
1386
8217
7965
5331
7450
4384
1447
8755
4033
6676
4214
8334
1446
5122
8685
3688
2621
6028
4857
8679
4320
7950
2510
1288
5090
7726
1560
8917
4164
6815
5253
5549
1384
9569
7232
8833
305
5030
3940
4337
1705
8153
9022
9503
9626
4059
9542
8599
86
4399
7277
757
8700
9787
2044
3789
7512
9956
9058
8027
6770
662
3575
4505
230
7158
9690
534
2187
3629
1222
3892
8133
6596
9746
7758
654
9287
6356
7091
37
9985
7847
8737
9771
6242
8877
3634
6197
7934
1660
9319
8595
1586
3823
5177
8744
9864
5710
7282
3492
3284
7525
1624
9879
7270
5734
6884
2909
8441
3974
9297
8425
1820
8033
4547
8061
3262
8180
610
1195
6191
9928
6142
4129
102
1318
9224
9966
3379
6505
3457
3014
4030
1433
9244
7651
7166
6127
559
1958
100
9856
383
1919
4240
4929
6332
7501
9461
6941
5048
2003
3220
7541
6131
3321
8858
5354
9638
8588
8211
9447
1602
2240
879
845
9890
4396
3324
6801
6353
3423
6656
3087
1694
7247
8016
8025
1100
3828
1317
6147
5830
4536
3687
8313
7856
8896
18
3846
3835
8228
3292
1788
467
522
8985
6709
4917
2308
3509
7621
5730
6516
708
3775
114
5075
1799
1213
5254
9467
3711
7435
4002
7397
5747
8210
2644
5765
2055
2831
344
5346
4618
811
5867
3602
3871
7135
2261
3731
4755
4343
246
1814
8117
6711
3240
6268
7924
8493
5734
1634
2280
9736
5383
8026
4297
4378
142
6351
7208
486
8048
1826
7648
266
1779
1518
7400
392
5248
8506
4734
1845
6672
9202
4907
9911
5469
2830
4756
7555
816
7035
3642
2550
1412
7938
6927
7906
640
487
8391
8687
8664
2390
8952
442
259
2703
7185
1858
7560
1918
3702
4231
1120
8608
494
2940
7790
5249
494
4957
8635
4135
7506
46
2072
784
7951
2711
1270
2693
7749
9933
5082
3052
6727
1692
5754
3911
3549
9666
5829
3602
3896
3300
8562
4389
6239
6351
5989
6733
7659
975
867
5164
1021
9291
2299
5323
8353
3569
4368
6102
3501
5801
9153
227
7493
1259
490
1041
924
2670
4643
1171
5969
9556
1912
2207
2258
4252
5291
9916
5227
2510
1431
2599
1800
3729
4273
152
7297
8640
2605
7150
4441
8110
3728
8285
5720
4217
9325
2995
6886
319
4165
9206
9874
2428
1413
2131
6680
3055
8398
1906
5564
9828
4504
3715
3557
8776
219
853
3768
2823
8002
8208
7284
8082
6492
3003
2298
2168
2349
5536
8839
6514
4741
8712
8941
2505
7195
5620
5560
5592
3877
7475
1772
4732
1190
5328
9860
7760
2532
3627
6934
6886
8186
4218
4967
4677
3572
7264
3196
5921
9151
2034
8786
3892
7098
7726
6396
644
9698
1955
6235
9926
9430
4358
4658
6971
9685
4517
4730
2217
4495
1663
5454
2680
2232
420
7356
5804
4035
6903
8076
3186
8937
6861
7077
6034
938
9824
6677
6987
1779
9263
6913
7560
3621
7922
882
9657
8790
1963
8225
3284
9977
3678
5963
2209
449
3318
4364
4484
6572
2439
4021
5508
9299
7449
7893
6588
7272
921
3575
5402
184
6839
9313
156
4760
194
6164
3549
8508
4389
6832
8485
8066
2794
693
8515
2463
5056
9350
9034
7494
3370
894
3144
818
8786
9731
4441
9707
3305
9843
6242
143
9155
2749
1254
5701
8912
4802
4208
3300
7985
2692
7718
778
9736
2584
9592
1143
8285
4978
8636
1654
5871
8131
8823
1008
4214
3263
714
3870
9457
3307
365
8612
6055
1618
664
4967
2772
1223
4618
756
267
8687
7886
2
1270
7477
1145
9554
2454
6132
7559
4676
615
2733
5684
4828
2348
2749
8697
1804
6056
9061
6767
2110
679
7430
3428
9802
5005
4398
557
5271
3084
8442
1624
706
2271
9120
6611
4724
5252
522
5752
2218
3254
1435
7045
5601
4183
5741
3757
6590
1154
523
8700
8184
4305
8479
7985
5661
9228
8541
931
8664
3335
2554
9369
5605
8026
2331
6680
3277
9204
2431
1846
2458
217
8890
4410
4400
982
8166
989
8487
5041
6040
6670
5697
871
1006
1357
98
9547
8639
8761
9233
1192
4481
4837
5569
3164
1516
8845
2367
299
7042
4824
515
5931
5586
1266
3265
103
2255
1751
1495
4646
8421
7191
5516
9426
4899
1966
5324
3537
726
4556
1081
1559
5744
6649
4722
7260
1846
7088
7558
8887
8264
4424
4818
201
5690
8082
303
4296
6184
8150
8941
4604
1692
809
382
6591
2774
5705
127
9851
6613
7559
7761
2356
4208
2482
5967
2405
5922
9876
1291
537
4300
2460
737
9989
6893
7391
4284
3077
1892
9576
7680
3584
384
4413
174
3157
6470
6652
9360
3082
4211
7120
1789
4770
5954
7756
7174
1875
7631
8464
8763
1930
7276
9499
8270
4168
3241
2553
7244
5133
8481
1276
8716
8864
5688
5241
8373
8509
8244
7732
1590
8806
1203
3379
3575
7156
7486
7100
5382
5116
5564
496
3398
9191
9994
1667
3358
9587
572
6954
1071
9052
8229
6138
4267
268
1378
2639
8777
9621
6722
6718
8427
7925
6448
8353
1432
3933
5453
3166
9049
7368
3661
8798
6558
7
6816
9915
5945
7387
6868
7015
2790
1448
3152
7057
8068
881
6047
3196
6853
2769
9913
1631
7045
6361
9984
4828
293
1788
4345
5693
9155
4358
842
5712
4364
7658
1978
308
5044
5198
3674
4186
2997
6825
7594
1064
4057
9992
4259
909
2760
4172
2540
6156
6884
2523
7336
3528
4310
8032
5573
9816
2389
6414
1879
6752
4071
3856
3411
5467
5405
3436
9652
8402
260
3597
9465
4316
3588
3724
1577
2700
4247
4116
5207
7482
2990
2542
1009
7299
574
6581
3466
9314
9347
5344
2418
3417
9199
2180
8883
956
5616
4886
9357
2227
8482
8821
2895
2070
8896
4471
4769
9494
8586
9975
6975
1575
8869
4336
5225
5794
7268
8690
5107
6614
4033
7524
31
9583
9704
8913
538
1671
3799
9894
3897
8632
5067
6791
701
314
1261
1821
6160
6198
1796
3134
7772
7016
3821
9348
2809
1089
8037
4267
7702
8421
1791
4084
8004
7846
9349
4893
5868
9499
1139
9764
8130
2557
6555
8831
2870
4167
651
9029
365
8798
8515
8136
5813
8687
7484
4973
9775
1872
9240
3829
293
7382
7912
4648
1579
3612
5892
7446
3110
7030
7209
1240
9586
3763
6422
8808
4282
3424
4188
4646
8574
9054
2781
4386
7741
6616
5711
3867
4840
4950
7695
1484
2331
1959
6131
3909
5570
8374
1354
8680
5404
4914
6271
1341
5029
2692
6500
9310
2467
7040
3955
1040
6093
3087
1778
185
6055
7488
4052
894
8789
1746
2377
1119
56
4859
1379
5626
3232
9084
4305
4987
3997
6927
2680
9025
5970
9179
8334
8436
6218
2288
5828
8663
1727
3957
5199
7781
7796
9250
8674
6584
7348
7402
4054
7403
2260
5432
3028
1843
4515
3684
6830
8511
610
9509
3888
6579
5039
2221
1367
7609
861
3546
6271
2587
7502
1469
6719
1649
7071
1744
8232
4418
9145
2285
8172
7756
4068
7552
9598
4934
1235
2779
9796
8197
2287
3683
1127
7326
2256
8845
4934
9468
2390
7556
8406
6243
5376
5124
7891
8798
6867
6122
9567
2363
4758
7739
6470
5177
5290
2419
110
2876
5198
9906
1072
3836
9940
2199
7513
2195
7395
2446
8014
9785
6353
6419
6027
8081
1542
3918
6878
4760
6391
6445
3474
7501
535
6295
2677
5824
8714
9139
8699
3911
5396
6123
4098
5335
4673
1611
3882
2067
4056
8247
1851
6761
4666
4230
1193
2559
4499
8070
3671
889
866
3496
4741
7752
9791
3770
3575
8504
2908
8626
8766
4655
1100
2863
9989
5772
4473
222
4190
4881
8469
2393
7993
9486
6622
9185
2044
1120
3606
5714
8360
4472
5562
9453
2223
5352
3222
2150
3855
6129
7127
2620
783
8226
1834
7123
349
6307
3697
4538
1187
8517
3282
9179
8002
9903
4715
6397
7374
8320
8463
2086
9143
4024
1538
1366
9375
4759
9867
9581
7239
3345
8552
4373
7922
385
7847
8270
6691
1543
9159
4229
6411
2441
9759
764
8695
4473
7161
2421
2793
5623
4506
1935
5998
6043
9652
5372
801
5870
1304
4391
9214
9855
8763
7135
239
6609
1756
6930
4504
7267
7510
7266
6059
3621
8030
4753
8093
5190
7173
7237
7164
8030
5524
9513
4072
1527
1236
1224
7397
2539
5614
2962
2393
4376
97
2631
7337
8204
5912
8192
5470
3422
5457
1528
3394
3486
2633
1486
5027
9805
5075
8542
7835
598
8054
8258
8476
9289
9482
5872
1827
1447
8834
4219
2175
5282
3202
9511
3485
9113
4054
5307
8886
9510
6834
2279
2996
9466
117
4374
5623
1543
2916
9809
2140
969
8066
615
6610
3899
2839
4788
5346
8024
5359
3872
3305
8560
9734
3141
4024
3787
8447
2910
3296
1633
1540
2643
1098
8008
7017
6720
9550
9932
2880
8041
7252
946
5008
3861
1196
7846
5001
2893
2221
359
6764
5525
8918
2849
5017
2941
6635
3464
2202
9931
1448
94
8925
2545
4453
5941
5617
4003
2224
8496
8395
9476
5793
3402
9688
3341
7599
4688
6233
9819
5046
9349
1695
315
2197
3064
9608
8832
2879
1809
5114
4326
8254
4038
6870
2707
9979
8838
3061
2202
7334
1455
8029
9478
1209
7717
2818
8807
8756
9051
4978
3802
4751
6672
468
6947
6087
75
2130
8965
8236
7243
3290
6489
7633
160
5547
3963
8997
8607
2516
2682
6414
545
2160
7622
4613
1329
6428
3368
6731
7757
3521
1481
781
3989
4780
6867
415
6909
5832
8650
504
9121
1491
4488
5632
7037
8450
4629
1996
7317
3662
4761
4213
2173
2382
8825
3502
5161
8545
232
2918
8417
8065
50
8757
2844
6916
9172
6104
2747
4173
6607
8220
5663
7446
3851
9052
5895
4831
7399
3212
8493
2159
7424
665
4540
2601
518
9700
7497
750
8969
5913
5166
9018
1022
8009
2286
193
4112
5032
4365
7071
3251
6380
4516
3454
5431
6763
8284
2829
6326
6776
4987
101
3793
5878
9053
4310
1929
6549
1411
7250
8814
2928
6267
9835
936
8552
6379
1400
9936
7095
4822
9538
9826
5689
2991
5256
8803
1275
4436
5128
4402
9422
1581
4546
1651
633
5208
3580
3534
2970
829
2347
5898
3447
8533
3185
8351
1263
4584
8286
4709
5757
4175
4535
1446
7166
6142
248
4792
578
1728
5545
6351
3308
91
8002
292
1650
7933
3825
4619
8761
2523
516
8559
7407
3701
6909
5021
4636
5194
9730
393
5721
616
8190
2886
6757
4789
4029
7334
6516
9573
37
6175
6015
4390
6467
7664
2322
291
2283
1082
2814
9150
9640
6572
9202
2901
1593
190
8094
1322
6934
3814
1937
5123
3051
5045
6263
3431
8731
2779
3004
8767
8953
5370
3156
5419
3034
5477
2062
1668
2910
4875
7169
8901
1446
2723
1801
9390
2912
6247
711
6197
6412
8999
7671
5815
396
3933
9245
9126
6711
8600
7892
2016
3970
7399
7434
7003
9227
5847
5022
2136
721
2190
7388
8519
4912
5541
7908
4175
1787
4971
371
4550
321
8041
364
716
1974
5961
6193
5036
4560
436
7051
8529
7834
837
1883
7060
6683
6904
5547
3756
5446
9287
8626
357
4827
2885
884
2965
7855
1254
7514
4528
5647
4230
1595
3972
190
7788
9007
4749
8223
2410
9630
2409
9598
1512
5820
6280
4768
1367
6387
213
7005
5012
6921
1831
7897
7804
4795
2103
5410
8660
2982
1056
2889
4577
1379
9430
2364
385
531
6938
2794
160
9346
2391
8023
5166
5023
2790
2884
1409
9354
9888
2773
6275
1718
7021
430
2864
5475
2191
1523
8457
9598
764
3033
976
193
1748
1361
723
8685
506
7234
4383
9249
5257
5900
623
4398
8783
8383
104
8670
1155
6378
6739
8175
3159
5954
3650
1702
3828
8458
1299
943
1490
2275
1136
9589
9987
8210
4625
492
5444
9007
6092
7052
4906
6714
1449
3688
5097
1552
8709
2603
4281
1799
7130
3792
4104
7131
5493
4284
5588
6791
5226
3429
5417
2713
3017
5403
923
7641
2247
2718
6648
8338
9769
7905
1404
7569
7945
2852
9121
3005
5454
9753
1156
2583
9896
5259
9713
5388
9542
5300
8531
1120
8728
3947
3832
8096
9350
1106
5737
7948
3823
8736
2637
3591
6640
4040
7512
4584
6891
2984
7589
2345
2736
5096
1279
2632
354
992
4371
6248
2643
2901
3719
7723
3200
7550
5818
8901
8656
1554
6848
8830
289
9484
2421
3281
9876
6284
7864
3118
9267
1804
1814
2002
3251
3093
985
3605
436
1708
6204
3078
960
9922
800
4159
3823
6618
9411
8830
4523
6258
7660
4812
2094
6432
4444
8321
2715
8659
1438
1981
6815
3252
334
65
6344
1319
3669
6779
9378
6224
6208
337
2497
7008
4496
6320
9977
3906
1501
4499
6516
9160
5662
4961
5591
6457
3281
4657
5116
4718
6637
1930
7969
3323
1994
664
4641
2015
7442
370
4590
2
706
7087
7009
1553
9758
3337
5459
1258
4187
8326
6770
6201
3286
8712
2657
6566
3369
7772
7635
6357
6053
5604
9679
8047
6267
671
6413
61
1040
1002
62
1746
4440
3422
9650
4197
3110
1460
1807
7296
9785
8576
9848
9422
3639
2505
5987
7007
6628
9974
9716
2681
5577
5746
7079
8195
6417
3491
4607
3808
4492
1020
1905
8932
4441
1555
9480
3902
3014
1286
1198
9151
6213
7397
8572
9852
9901
911
3210
6529
884
9277
5561
6460
5023
2639
1006
7791
6129
1965
1598
6972
2984
3503
5903
3777
1409
1735
7678
774
3020
5227
9924
5585
2624
8496
5436
2524
9406
4997
5404
289
4274
7316
3100
9296
9954
4105
7086
6082
6069
5035
3054
5405
4889
5308
9181
6297
7042
6858
7071
6414
2085
6994
1998
1060
5489
3785
9935
1246
5133
1691
1534
9406
9006
4633
5053
8960
5090
2138
1393
7510
3525
4446
9266
8413
6106
8446
4710
9499
5304
8132
5912
3740
1477
4261
1151
3318
4397
1085
4563
9530
2775
2449
8935
1781
3433
340
740
4874
8829
2132
2384
2353
2930
1649
766
5387
6447
1827
4885
8102
6310
7149
1841
7786
7761
9343
1103
2158
427
2018
1687
3202
4466
6973
1334
7898
7312
8425
2772
6141
556
1507
8493
9837
9507
5610
1575
5953
7436
6460
406
3745
9960
8598
7883
7720
7940
5337
9877
8367
7354
7915
7920
8171
4888
9253
2421
8551
7677
5192
4691
4584
3050
9536
773
8908
5145
2347
1213
8933
5158
1618
2677
5117
216
559
2837
8155
5896
9065
6521
9601
6980
792
7772
8219
6396
192
6769
4072
1735
7812
5008
1136
7347
5780
43
8843
4478
1255
7775
9636
2873
452
4752
3088
7362
3940
7594
9609
3005
467
5562
6336
1258
3333
4554
7654
9876
1322
8077
1610
9133
9436
2745
2831
1567
9139
1674
6045
394
9448
5680
9618
6251
6783
9057
9965
723
6650
9573
79
3468
1486
6414
4726
4818
967
8731
1045
8640
3159
9006
7773
2595
8102
603
513
7241
2276
6557
3986
8076
8588
3603
4326
5371
9011
4290
2445
2012
215
2523
5480
1700
8936
205
6518
6254
5287
3914
4893
4797
2920
9017
3743
1021
5972
4256
4613
8247
7164
8598
2674
5752
8552
7000
7474
7562
1289
9918
9574
1503
2440
5053
3203
7727
1609
6072
3980
3247
9985
5224
8043
9256
4241
1786
277
212
2393
1241
4810
9556
9839
7484
5307
8390
4483
2780
2304
2123
9049
8229
9978
1488
9633
3180
5566
7593
5603
5897
839
1939
1121
5233
1195
1713
3370
7823
1924
2114
9063
3085
1670
5253
568
3328
9995
1402
2460
2298
9877
1508
526
9854
9348
6510
3033
1265
4102
4987
7162
1292
6925
8282
2876
4471
9994
6246
8645
8269
8359
4060
1353
6380
9312
8273
9708
9306
6026
8519
7955
5902
6378
4832
5755
5725
1341
5139
6990
5442
6477
503
3085
9754
8784
5961
4224
5129
8558
9221
3397
3268
3280
1101
9648
2591
9373
5707
8249
1751
577
6203
7652
6954
1035
9759
9031
2375
1249
2372
4169
4078
2874
7253
3831
1657
9565
4406
3137
8122
3626
6533
1390
6905
7633
7389
9496
3358
3095
7744
1460
3671
298
5463
6976
1332
1573
6006
3707
2822
8377
4227
6899
1250
1479
7081
9258
1044
1486
2394
5517
5112
8926
3258
2016
2911
646
7863
2620
92
1958
4079
3762
2256
9541
738
3587
1114
3095
3645
287
1472
7871
3537
2721
5702
617
1979
3097
2102
4372
8613
3565
9650
1871
5581
8912
2516
9795
1531
2608
1753
1961
2721
360
1501
9810
3946
8966
2905
3943
5604
4376
1813
9140
3448
3866
6108
5426
6962
4562
6150
1927
8126
5799
3797
58
4710
2664
9853
2592
1623
7957
4552
696
8316
2404
6857
8613
7722
9761
8907
3325
488
720
8817
288
937
1276
2065
7899
5837
8214
9825
315
364
9973
6724
1425
8988
2928
4016
611
7236
4919
7658
5551
7323
4514
516
1396
627
9422
4720
7466
6493
9888
7753
7430
1164
9818
1680
3352
4383
1504
18
4747
1476
6742
2523
463
6021
6539
7425
3257
7809
1434
5159
1483
5948
2026
2878
2926
7800
3950
6743
4292
3837
4496
8073
1352
665
9752
1056
5047
7607
1073
6145
5434
4166
8668
2249
187
1558
9673
9795
5718
7459
1305
7201
9758
3331
78
2683
1130
4027
9425
1773
4216
272
9846
1919
7288
5949
2974
8687
3556
4047
4831
8989
4564
9850
1237
1102
7759
7262
896
9829
4720
2201
7029
4477
1883
3458
3511
3012
3837
9287
4784
4404
5911
4629
6322
3198
6930
9296
1884
485
9694
3067
9473
4257
9268
7062
5359
3379
4323
2606
3207
5394
1158
6587
6222
3040
44
6084
2403
3880
5370
7187
4635
7632
8167
957
830
5096
252
9065
1932
9945
2131
7757
553
7751
4818
2263
1129
5492
4869
687
885
2378
7273
3458
1770
7316
5893
524
7548
7614
4062
2182
5246
8581
9490
6075
28
9741
1491
1960
9685
9974
9716
6590
7724
4533
8852
5204
6376
72
5890
3612
2450
3162
7069
571
6829
2961
1094
728
574
5156
9262
2171
3736
8751
8245
115
8492
6088
2074
4528
6061
1789
1117
3784
2673
9969
8987
9048
40
4876
9011
8841
4389
6079
5763
7569
5391
6857
8297
2317
8364
7558
4487
8451
2660
9084
8565
7503
5171
639
2031
1231
8779
9499
1366
7804
5819
352
3203
2211
1579
2214
1051
2319
4644
6814
9887
35
22
4535
8703
4737
8444
3189
3187
1104
8624
1751
8606
146
8741
6988
7728
3872
2839
9093
8027
8657
5796
1229
7219
3726
3442
8270
6044
4438
1435
2283
824
7808
6817
9526
2544
1613
9066
5730
2716
7690
3832
7673
4187
8925
1013
1915
2796
3851
1007
822
8859
6803
8402
6078
528
8196
699
2924
2633
8485
1558
3456
6292
8374
2981
8835
6338
8398
916
9053
2439
1099
3078
6626
23
4090
8540
9170
4292
9546
6343
3150
2700
4745
9227
9580
9292
6277
8855
1924
4761
412
1731
1052
5137
1063
6238
1475
9460
3505
6879
1899
4604
9956
8524
4626
397
3415
148
4688
9312
6490
4190
2012
7586
9768
7943
6877
6045
6797
5152
805
3560
6882
8209
8696
7944
4446
170
3756
4303
7049
5654
8906
3356
529
9883
3753
3943
30
4792
3254
6520
5333
1617
457
5101
5911
7334
7497
2707
2485
4653
2618
5719
2861
1314
3662
3659
7835
7417
7961
1235
9422
3218
4591
6302
3100
4695
244
3130
5838
9850
6001
1171
7818
6457
2623
3729
142
6471
2787
8979
1123
5405
4697
336
3070
4710
346
904
8479
4658
8491
7900
7875
9433
4202
974
4127
797
455
6316
6998
6455
3838
1168
9264
2812
1248
9405
9282
4034
8383
6757
5790
9431
7092
5211
4141
3789
2467
2619
8446
957
6870
6320
389
7423
3645
867
8220
452
3534
1569
6906
3724
2736
2521
6535
3983
1926
2169
4369
6660
8925
6510
6091
6016
1721
6583
9804
539
5553
4601
1495
2422
7272
8235
9845
916
5453
4416
7719
8986
2336
4625
9061
5072
3497
5596
5406
5422
7764
9774
8434
6688
6284
876
9055
4356
3810
5210
4894
9362
9810
2740
8135
7081
974
4331
4348
2778
5098
2067
8115
7434
3043
7176
2505
2891
2771
7910
8313
6886
4036
3098
3573
6671
325
8979
1026
4134
4188
2271
9847
349
5010
7981
3781
2335
2312
8128
5112
3761
6546
9578
1194
5940
6753
3698
8831
5875
7960
3495
2760
8347
2944
2684
5017
3268
1662
2394
3753
2201
4664
3599
2549
6025
7931
6329
8359
242
809
9822
355
3706
9399
1548
9646
2504
1598
4828
8378
9557
4674
1138
4255
7617
173
9271
884
1835
8016
988
4035
2679
4586
2936
5055
2516
9264
3413
9110
72
9586
9464
3778
5336
1011
9775
4191
8960
954
2569
4868
5627
58
9122
3243
230
4744
478
8416
2759
1465
8803
5437
2402
1738
6843
4917
7353
255
378
3777
6192
9841
3906
7880
7204
32
2070
6163
985
4638
1031
6611
1047
6504
9853
7629
1248
330
6044
4006
8146
1198
5795
547
9287
2637
5463
6640
9244
2193
6768
5435
2033
673
9666
5588
704
1736
8103
1688
2725
9133
4650
124
5636
4502
7752
3235
1183
147
7241
9328
1345
3035
9874
631
2023
1688
3622
1266
3880
389
3053
2265
7413
2718
4204
4468
805
2306
2507
3530
7790
7156
5
9778
1657
7756
3012
9191
7902
252
8518
5598
9638
4743
2581
1661
2783
2554
9278
3014
9295
2330
1630
6707
1400
5834
1175
2204
8139
33
2085
5929
7189
2089
5706
5197
6196
8717
4388
450
5321
9257
6047
4958
352
4979
2970
3134
7533
2248
2499
3179
929
4129
9885
8680
9962
7411
884
4452
7444
9320
380
4632
7761
2437
9828
3956
1154
567
757
6474
9824
3156
7783
175
8134
753
9660
2018
9352
8510
5196
6632
2638
1433
5312
8951
8843
2547
9755
2638
1866
134
7269
5978
2571
3449
6286
76
4015
7042
2901
190
197
683
364
4683
7787
6375
6700
3490
4885
8248
122
3874
9680
5433
9177
8522
4331
8931
7512
6196
5416
4780
8526
4338
4580
4811
4413
4947
1852
7313
5136
8401
4348
1852
3083
8486
4578
6134
8328
9462
4381
8449
9688
4060
233
5216
8934
4563
4146
6445
7110
9561
7576
5635
251
8508
6797
4663
3454
5001
8328
4941
3401
9027
3144
2835
3864
7722
8968
2191
3535
9701
6991
3222
3760
7223
8437
9045
8137
8934
1841
1599
4847
5769
7233
5097
4276
382
6111
4081
5382
790
5373
8782
6168
8517
7968
32
6238
6935
2222
6124
6635
5565
5698
6747
9139
486
2143
7276
9420
3984
8874
618
6104
2458
5714
379
2839
8176
811
8220
5318
6183
3353
1485
4699
1320
7868
7288
4607
6442
3412
1241
2006
9109
4339
1144
5946
6482
8419
5365
6817
3644
5982
9272
2454
8047
6002
5292
2575
6812
9864
7892
9346
3216
9376
4045
888
7244
7684
5494
3685
7447
3086
2042
2907
7425
3185
8853
258
7956
569
3426
1599
6551
2697
4052
949
8698
5696
3523
1861
5559
7766
1206
5126
3494
1602
6013
737
9286
7858
773
3084
944
2814
5991
8368
2350
1195
4977
305
1763
8402
1904
4665
7450
2307
5614
6147
8002
5488
4359
9912
3254
5564
5038
3099
7166
7402
3835
6451
5260
959
5886
6203
124
1876
922
2473
3070
5898
2778
4833
651
1033
9497
4452
3339
1462
6950
7693
3302
1308
7604
2907
6871
8993
6005
4036
6395
6191
6838
8006
3501
2724
4208
3624
951
1481
2448
4021
3730
1577
5205
4380
2609
1053
8831
2300
8867
5780
9992
2168
7087
7595
1426
309
2940
7430
4345
9334
3620
1182
3691
3472
257
7898
7095
1208
5730
5894
5228
9459
7471
6784
3838
79
7836
9020
8730
3054
1151
8721
5221
4589
2668
6646
4897
5607
427
5593
1292
4046
6775
4982
7517
3383
9231
963
4590
4960
6857
6169
4418
679
2952
4607
7109
7140
9978
5839
193
1128
911
5414
2068
9930
8411
6964
5536
8838
2557
3179
9235
5683
4512
3104
9065
94
418
7
5053
3626
6175
5822
4304
9127
428
7765
6266
6757
3603
2810
7884
4513
4575
9951
4443
2986
3267
6330
8175
2175
5861
3761
4209
6724
3216
3273
6818
3634
3279
8222
3611
5806
4044
7915
4932
823
5679
7549
3932
5633
358
1815
6497
4933
8118
7291
4270
7736
9973
8796
9910
2185
2556
470
8908
5772
94
2077
5757
3373
299
9367
5530
694
3633
461
7868
5663
4361
1799
1295
1070
9966
4144
2354
4435
1434
6623
8522
7758
1770
8431
9942
678
5252
5202
6449
5345
7278
8557
5069
3928
7923
598
4621
1556
1058
8841
7218
1770
6991
4865
2840
3308
9008
5193
7742
6793
8168
6263
4551
9937
1045
844
614
6296
6045
3414
1641
3323
1970
6709
3602
6245
7307
8223
4152
4716
3415
7721
6486
6757
2585
5677
65
7944
869
7806
1089
5388
421
1991
5325
7817
2834
2290
4113
5231
2056
2105
8553
4025
5165
2154
6621
2471
6728
772
3539
6494
8493
6376
3251
7429
2052
3315
1725
2920
7472
9165
4660
4244
1155
9984
2061
340
8625
2525
5570
680
4629
474
1057
9793
8980
4029
8616
2059
4801
8506
8553
9645
4881
8155
3425
6932
7821
5149
6203
5292
4313
862
5888
1819
7197
7948
2159
2174
472
7728
2853
1452
8202
261
7596
7181
4290
2563
9239
5442
1068
4143
5086
2300
2297
8510
5583
117
11
8138
1761
675
5351
7648
2494
2548
1947
4652
1073
8770
8731
277
221
6932
538
4168
464
1179
6731
9703
6620
4150
197
8057
6450
2494
6566
2032
8962
2928
169
722
3603
5520
4721
6096
4419
6667
7099
5491
5436
5829
5767
2008
9113
2656
6176
9576
3834
2906
5630
453
3407
5827
8509
9856
4672
1427
1888
3633
4354
8408
4355
4308
3927
5427
403
8345
2094
3853
187
3881
9682
5954
5889
5146
8609
8416
4721
8795
7673
6703
5599
1079
2529
460
935
7200
8238
2822
832
2591
1229
1538
3251
1508
6965
3653
6204
5410
3858
6391
9290
3539
8696
1530
8684
3656
9945
9756
2450
7617
6458
4401
8696
5338
4860
5982
8889
3097
8803
6073
2039
6383
3962
5289
4242
7278
5294
446
2687
9151
3188
8329
9041
1883
6210
4076
5538
2507
3831
4340
123
6641
8740
5170
8330
3599
1151
7219
3047
6305
9643
1437
9040
3604
6726
3281
882
8371
78
9920
7521
3265
4600
6561
5147
7162
636
7037
9668
818
1376
6142
3810
115
1312
8492
65
8814
5710
9463
5119
1704
899
510
5307
3976
142
2540
2346
220
8812
9866
9836
3411
2778
1335
572
9765
8371
6591
6935
6098
2733
744
6212
4044
9235
2628
9209
1296
8442
4327
9351
9340
1188
4658
3316
1330
3549
2013
1549
2360
1879
1384
2123
1008
2718
2694
773
7440
5637
4059
3537
8369
1154
6100
8764
6741
5079
7972
4388
3520
8651
3739
2860
9838
8396
2527
1167
8296
4539
9067
656
2769
6803
2778
3777
5872
1823
901
3312
7459
1311
6848
2179
2464
9300
942
9204
4378
8914
3592
7898
3916
7330
7109
105
2077
9635
1272
6724
4173
6690
7379
3294
3492
6508
3422
9364
4683
4322
9027
2141
1984
2226
672
4447
1525
1613
3651
5903
6878
3594
3800
793
7275
908
898
5703
6894
8521
2426
7418
5210
9805
711
5054
2664
4132
769
7346
4805
9795
5839
6788
2020
6510
1235
9897
8122
1237
5799
1352
1182
5950
2144
8456
3209
9393
4158
102
4265
6583
3871
5827
2739
4582
880
5403
5065
8000
2748
9870
7794
8586
3009
6165
1447
4243
6061
9569
1831
8211
920
3012
4160
9415
1467
3720
5160
1976
3821
9424
8559
7692
5250
1297
8625
2481
3051
3689
480
2151
9910
4625
7088
2919
790
8535
7161
3202
8103
5344
1413
5374
4707
5572
1140
2526
9292
6299
4501
9464
5723
9411
3507
7324
7060
2131
9805
110
2172
284
2260
2081
4909
9348
4999
2050
7882
8512
5251
2336
3855
6663
4061
4913
8587
5200
7438
4230
1499
1939
45
3573
1349
3552
896
8408
2034
700
4870
557
7336
7129
2638
2244
2828
7636
645
7061
2499
5895
9396
2705
8910
9808
7618
3848
5008
5055
8077
2858
6993
4473
6430
4694
4376
3677
9453
6410
4377
4322
6966
1712
7803
5955
307
630
9943
951
7691
2441
3197
3438
5146
2106
3246
2763
2305
4605
4169
381
7462
7514
1206
243
2207
5581
3919
1659
8342
4647
2333
5308
2710
135
7614
3016
7116
7556
318
1158
9997
9867
4596
1494
1972
4193
608
4277
5149
4776
1009
8962
2289
2214
9204
4495
4147
3122
2506
2488
4121
4838
4147
6830
1324
1761
9846
8439
9316
6515
9597
5664
6381
544
7157
4705
4736
7764
5333
9884
8892
2693
8845
1180
1259
4400
2027
5405
3873
884
7892
7993
2073
2039
4823
3396
151
1020
1834
5818
3886
7782
1482
267
8325
4990
1323
3060
9106
3007
9295
4349
5699
4491
5528
6957
5242
3906
8713
9115
1141
2957
3459
3213
1347
4633
2960
1497
5652
4794
7314
5890
2575
5147
2508
900
6489
3830
311
1946
6836
5958
6294
8886
6800
8173
2195
2042
2079
907
7508
3219
3863
966
2784
1561
5599
5743
3057
7602
6888
6723
9843
9463
8221
2350
6714
4709
6179
3376
3006
9366
5685
9299
4604
2485
7472
6798
878
9550
7704
8385
9120
7919
5702
1903
5831
7652
3998
8888
1606
885
1962
1448
6699
6534
3798
3412
7595
6328
3140
600
2046
8824
9899
6649
7660
7370
3446
8537
3271
7501
6921
8742
1771
2623
6997
7602
6626
994
2841
8231
1878
4802
9679
8577
7687
3476
8340
5281
6155
7831
5881
8200
3007
5779
4848
666
9500
8293
9203
2770
2146
2475
7863
3916
5097
4859
7869
8075
5852
709
6305
4082
1862
5983
9010
9549
5810
3701
4829
1965
1532
709
164
4538
2839
5012
5203
2338
9656
757
1459
8153
3232
9322
2069
4680
4180
9937
2754
6384
6998
9059
465
8859
5041
5826
4759
851
9526
9588
9167
7409
6648
9330
8298
5839
693
9853
4528
349
609
5987
4853
3840
1660
6921
4872
2191
3210
7625
8574
6559
6683
5390
5417
8076
1215
6528
5278
7093
6115
4444
4501
9114
125
2799
4952
818
2651
9480
7518
9611
1818
2370
9803
3477
5643
4674
5667
5204
2298
593
1762
5333
2334
3530
9760
9901
57
1389
6993
6171
2184
7845
1637
2308
6995
6588
9477
5997
2419
6994
5608
4236
5716
5410
4064
1358
6435
9731
6561
8732
6675
4674
416
9008
8203
175
5260
8260
1563
8604
782
3746
6449
2418
2406
9795
5358
1882
5792
7776
5228
7751
8364
943
9512
2427
8652
5946
8509
1564
1029
5183
6237
1445
543
4439
1619
5802
9050
9534
4406
9832
9631
7206
8601
2036
7000
3958
270
9143
8086
1849
3245
6449
2791
9108
8875
1442
1405
7384
3005
8786
8918
5593
230
9460
31
8200
1614
9081
4085
2371
5264
3716
9576
3864
2103
2927
7822
8724
8422
2259
572
8018
8707
9714
7126
3933
1155
4882
1316
511
3667
234
2455
248
6045
2486
4800
4010
7918
8884
6380
3181
8951
5955
3396
7406
5234
7569
6129
3655
9827
6701
8024
8533
6414
5149
2466
3921
6383
133
783
6401
6718
3238
3001
9115
2075
7800
3124
9992
6683
9504
9524
1986
1810
2919
9391
7043
488
5519
7049
6666
8571
5073
5199
1337
6573
4016
1609
9307
500
2391
5708
3570
1980
8708
2684
406
6507
5807
6749
9541
1662
6272
7878
3472
5543
7268
6866
2382
9139
267
9047
4061
5339
597
1749
8263
964
3357
3922
1464
2100
9629
5033
431
4688
4068
837
7546
9874
7585
3438
1536
209
1316
1359
5751
4935
8224
4484
425
4842
3530
4486
6532
4127
2586
4795
5090
5943
8716
2905
4394
4696
4289
4824
9383
8356
5660
3280
4582
9597
6717
2469
9805
4384
3827
1907
9319
8402
6390
9743
3244
6271
580
9775
397
3166
921
1839
5460
5988
1095
9853
683
5384
1028
6417
3739
6688
9696
8320
2636
2765
788
2440
7148
966
698
6466
5720
3439
2561
8963
9709
9492
5089
6458
2657
6010
8296
4468
8349
5742
672
5384
1125
1700
1800
4864
4739
7848
9535
7374
612
6675
6165
7759
3992
6862
4225
9711
6652
3137
5025
6360
2628
114
2817
1637
2475
7464
6104
7175
3206
6776
2558
682
8475
4358
1897
9565
8557
1432
6938
9168
4458
9454
6926
4801
2667
7502
4512
9318
638
5888
5677
9618
6001
4846
1254
4827
8661
7357
2002
8218
484
911
8900
5310
1620
796
4874
176
8579
8163
9343
9388
7616
2621
4189
6634
6474
5052
5951
3464
939
7980
3081
3292
9177
4334
8118
7837
8042
6471
2407
4878
3734
1306
187
5353
8453
1413
5529
3384
9575
1223
2771
3543
195
6959
176
3021
2010
6127
6484
9301
458
5916
2592
9634
6601
7061
7470
4642
9884
9876
9519
3617
7533
6058
8969
2338
7470
849
5721
3396
8424
8491
6938
8618
1802
3466
7990
163
5944
4473
9463
6401
6740
2054
6034
3340
9115
9855
7982
5350
6083
3852
8966
9967
9909
4286
2304
3730
5135
8024
7126
3558
6515
415
8527
8316
3880
2869
4830
9823
7341
4293
6223
433
2698
8608
3772
8164
8463
8105
3513
897
1957
2478
863
8217
6764
3167
1947
8250
1190
5424
8159
4056
5838
6685
8723
9718
9553
3553
9540
3246
7845
2115
3678
542
722
3801
8706
9184
1906
2218
80
3862
1048
943
8430
7811
461
6728
6060
1650
2151
4218
5706
7989
7254
4428
4058
3159
7980
9949
2756
2176
2063
2785
9070
2785
6585
4127
8320
8490
2696
4752
8703
3743
2046
3485
7905
2506
212
316
507
8715
885
6212
3055
4491
6992
7112
4001
1323
7060
3108
9851
5475
5892
8920
8259
8828
9398
2930
3670
2093
7681
8724
2188
9726
2208
6444
8583
2420
3112
9090
7486
3996
1653
540
4838
4996
7651
8838
6319
1062
1945
6169
2888
4188
1440
7498
3016
837
428
3037
9281
4460
1760
7820
538
3968
4264
9120
2739
7375
4561
224
7722
6214
763
2560
1209
4765
7749
3879
2178
6046
6399
1418
233
4190
8915
9600
1378
9342
2636
659
3802
4396
8478
691
4715
9093
9810
7453
6467
4371
4028
4189
6936
1142
6748
4496
2258
848
4727
787
6893
7477
2204
7126
1667
1119
3077
3044
6812
2065
54
6965
2812
4884
7655
7526
3976
3817
1330
6795
8187
1709
983
1474
2850
4082
2321
1459
4929
7047
2245
8174
4524
4449
5299
2542
1919
4727
5585
8730
6791
1991
2047
9602
3226
9701
3479
3553
3517
4808
347
8055
6516
7681
5880
5717
1762
8201
7175
3043
1599
5772
1216
6122
6572
2866
8663
8490
3944
600
3571
735
8942
5617
6688
2167
1670
167
5719
1538
4974
2418
9593
7842
98
5472
3558
1860
24
733
1254
1623
2856
8821
4096
9427
1686
9111
7916
5629
9710
7838
2715
5003
9807
9403
3521
1476
9569
9239
3013
894
1656
8957
8735
1754
781
8645
9965
804
5729
7570
8778
8584
6390
2874
8010
4427
1984
5925
6407
8045
114
9122
3047
9920
4876
6567
7747
4444
2157
760
1689
165
6068
424
8270
6848
5420
4586
4004
1148
2155
2781
9731
8544
5654
7740
9322
7637
16
5728
2033
6481
4849
5079
6401
9724
7997
4147
519
6506
1258
2208
6670
7326
8983
4939
4173
4402
9524
8176
5549
8030
957
1631
2925
2962
9370
2246
6951
5737
7973
8983
2217
2822
414
4969
8897
4762
9116
9416
1267
6725
7975
4288
4050
3309
5578
4575
7710
5101
2750
9610
9482
58
1240
2406
3020
6961
4651
6322
9049
2624
1656
7617
1797
2069
2586
7045
3183
8053
6460
4449
4777
786
8737
8827
4094
4314
3401
8155
5767
2502
7764
1600
2560
9003
4006
1931
2315
8656
8252
1363
7631
9907
8980
9427
8328
1565
6472
1510
9617
9283
2310
4393
6421
7398
9571
514
8064
2971
8669
182
1825
2784
1781
4384
1787
5786
2666
453
794
7269
1816
8424
3527
7147
4203
8206
5063
7026
9715
1031
2660
8377
1775
9080
2126
1346
5946
189
668
966
6722
2492
3749
4855
3227
1887
640
5892
2340
7785
3160
507
2561
3039
7653
3115
1244
2715
140
7311
3745
2799
5687
5519
8231
4164
6864
4176
705
3884
5141
7426
6375
8889
2280
9602
776
9272
1845
9467
3408
1357
9973
5968
4395
7625
9082
5638
6691
5573
2948
435
8372
4986
5953
2954
9150
9169
3481
9854
9404
8621
3631
2130
3861
5911
1731
988
1534
9928
454
4941
1284
6778
909
2030
4402
6342
4019
1092
1915
3319
7878
6638
8304
183
9591
3805
5703
3071
10
5106
8043
3641
7235
8255
5903
5318
5595
3788
5245
2400
8728
2880
9178
5988
4909
9931
8682
